[gd_scene format=3 uid="uid://gam61mq0nsbm"]

[node name="CSGCombiner3D" type="CSGCombiner3D"]

[node name="CSGBox3D" type="CSGBox3D" parent="."]
transform = Transform3D(1, 0, 0, 0, 1, 0, 0, 0, 1, 24.5, 0.609375, 32)
size = Vector3(50, 2, 65)

[node name="CSGBox3D2" type="CSGBox3D" parent="."]
transform = Transform3D(1, 0, 0, 0, 1, 0, 0, 0, 1, 24.5, 24.609375, 1.4199219)
size = Vector3(50, 50, 3.8398438)

[node name="CSGBox3D3" type="CSGBox3D" parent="."]
transform = Transform3D(1, 0, 0, 0, 1, 0, 0, 0, 1, 2, 24.609375, 32)
size = Vector3(5, 50, 65)

[node name="CSGBox3D4" type="CSGBox3D" parent="."]
transform = Transform3D(1, 0, 0, 0, 1, 0, 0, 0, 1, 16.637375, 3.609375, 38.5)
size = Vector3(2, 8, 2)

[node name="CSGBox3D5" type="CSGBox3D" parent="."]
transform = Transform3D(1, 0, 0, 0, 1, 0, 0, 0, 1, 16.637375, 3.609375, 18.5)
size = Vector3(2, 8, 2)

[node name="CSGBox3D6" type="CSGBox3D" parent="."]
transform = Transform3D(1, 0, 0, 0, 1, 0, 0, 0, 1, 41.637375, 3.609375, 18.5)
size = Vector3(2, 8, 2)

[node name="CSGBox3D7" type="CSGBox3D" parent="."]
transform = Transform3D(1, 0, 0, 0, 1, 0, 0, 0, 1, 41.637375, 3.609375, 38.5)
size = Vector3(2, 8, 2)

[node name="CSGBox3D8" type="CSGBox3D" parent="."]
transform = Transform3D(1, 0, 0, 0, 1, 0, 0, 0, 1, 29.137375, 6.609375, 28.5)
size = Vector3(27, 2, 22)

[node name="CSGBox3D9" type="CSGBox3D" parent="."]
transform = Transform3D(1, 0, 0, 0, 1, 0, 0, 0, 1, 40.137375, 8.109375, 26)
size = Vector3(5, 1, 7)

[node name="CSGBox3D10" type="CSGBox3D" parent="."]
transform = Transform3D(-0.3559553, -0.93450296, 0, 0.93450296, -0.3559553, 0, 0, 0, 1, 37.137375, 10.109375, 26)
size = Vector3(5, 1, 7)

[node name="SpotLight3D" type="SpotLight3D" parent="."]
transform = Transform3D(-0.05231542, 0.82059324, -0.569113, 0.038705915, 0.57113147, 0.8199455, 0.9978802, 0.020867757, -0.06164079, 20.065357, 26.040125, 25.130543)
light_energy = 100.0
shadow_enabled = true
shadow_bias = 4.875
spot_range = 28.563671
spot_angle = 17.160841

[node name="DirectionalLight3D" type="DirectionalLight3D" parent="."]
transform = Transform3D(0.9401507, -0.3394221, 0.030153697, 0.030153697, 0.1710101, 0.9848077, -0.3394221, -0.9249584, 0.1710101, 0, 0, 0)
light_energy = 0.1
light_indirect_energy = 0.1
shadow_enabled = true

[node name="CSGCylinder3D" type="CSGCylinder3D" parent="."]
transform = Transform3D(1, 0, 0, 0, 1, 0, 0, 0, 1, 40, 9.5, 35)
height = 5.0

[node name="CSGTorus3D" type="CSGTorus3D" parent="."]
transform = Transform3D(1, 0, 0, 0, 1, 0, 0, 0, 1, 40, 10, 35)
inner_radius = 1.8730814
outer_radius = 2.4593635

[node name="CSGCylinder3D2" type="CSGCylinder3D" parent="."]
transform = Transform3D(1, 0, 0, 0, 1, 0, 0, 0, 1, 40, 11.325195, 35)
radius = 2.0
height = 2.3496094
cone = true

[node name="SpotLight3D2" type="SpotLight3D" parent="."]
transform = Transform3D(1, 0, 0, 0, -4.371139e-08, 1, 0, -1, -4.371139e-08, 40, 12, 35)
light_energy = 10.0
spot_range = 6.0

[node name="Camera3D" type="Camera3D" parent="."]
transform = Transform3D(0.4410697, -0.11549194, 0.8900108, 0.05128316, 0.9933084, 0.10348152, -0.89600646, 0, 0.444041, 46.920925, 13.50835, 34.10349)
